Normal compilation
(lu9 and lu10 with -mavx)
lu1: 4.194058
lu2: 3.621133
lu3: 3.311505
lu4: 2.648919
lu5: 3.008159
lu6: 2.593801
lu7: 2.601381
lu8: 2.815790
lu9: 1.465259
lu10: 1.392939


-O2 -march=native -mfma
(lu9 and lu10 with -mavx)
lu1: 0.997572
lu2: 0.991772
lu3: 1.024190
lu4: 0.929833
lu5: 0.963578
lu6: 0.912229
lu7: 0.947229
lu8: 0.789643
lu9: 0.705300
lu10: 0.663239